00603
00646
00659
00662
00674
00680
00683
00685
00687
00692
00698
00716
00719
00725
00726
00727
00728
00729
00736
00738
00745
00757
00777
00784
00791
00921
00924
00925
00926
00956
00961
00970
00976
00983
00987
01128
01201
01331
01453
01603
01749
01760
01852
01960
02038
02151
02359
02601
02660
02721
02767
02777
02852
03060
03110
03249
03784
03865
03867
03874
04086
04330
04401
05478
05701
06067
06226
06241
06512
06704
06810
06897
07002
07032
07069
07083
07726
07731
07836
08016
08050
08053
08080
08091
08234
08520
08809
08822
10306
10309
10573
10710
10803
10993
11209
11214
11239
11426
11514
11520
11572
11581
11720
11901
12144
12401
13031
13039
13126
13214
13413
13440
13662
13820
14094
14141
14224
14456
14564
14580
14616
14622
14750
14760
14850
15065
15222
15666
16001
16421
16509
16601
17011
17078
17876
18640
18951
19055
19064
19135
19137
19342
19440
19464
19526
19803
20109
20155
20176
20678
20772
20832
20876
21014
21040
21042
21093
21157
21222
21228
21236
21550
21740
21784
22015
22630
22701
22902
23061
23188
23231
23434
23435
23605
23666
23707
24201
24354
24540
25403
25414
26059
26508
26554
27263
27406
27603
27616
27617
27889
27948
28027
28216
28262
28270
28273
28306
28311
28411
28451
28540
28557
28630
28645
28655
28734
28752
28786
28906
29073
29301
29407
29630
29640
29680
30004
30022
30052
30064
30106
30110
30115
30161
30248
30342
30528
30529
30531
30538
30540
30542
30620
31021
31211
31326
31533
31601
31792
31793
31909
32055
32065
32097
32127
32164
32218
32224
32225
32301
32413
32448
32536
32541
32571
32608
32792
32819
32822
32839
32935
32940
32958
32966
33026
33063
33067
33071
33127
33134
33156
33160
33174
33186
33304
33315
33323
33414
33441
33483
33511
33543
33579
33772
33837
33870
33903
33908
33936
34203
34207
34266
34601
34607
34711
34744
34747
34748
34787
34994
35022
35045
35094
35216
35401
35640
35653
35758
35957
35968
36117
36203
36303
36535
36571
36575
37040
37076
37091
37115
37167
37188
37321
37771
37801
37830
37918
37938
38024
38053
38060
38358
38401
38555
38901
39120
39180
39208
39540
40218
40233
40353
40356
40475
40509
40601
40701
40965
42240
42431
43015
43016
43050
43068
43130
43212
43311
43420
43567
43725
43952
44001
44011
44121
44126
44136
44241
44622
44708
44720
44805
44883
45065
45212
45238
45331
45365
45373
45431
45459
45504
45601
45662
45701
45805
46013
46052
46112
46176
46268
46360
46514
46530
46582
47250
47274
47362
47401
47591
47804
48021
48038
48095
48116
48183
48312
48336
48386
48420
48446
49307
49770
49855
52241
52302
52732
52761
53005
53018
53022
53083
53147
53158
53562
53913
53916
54313
54449
54660
54868
55008
55082
55123
55124
55305
55313
55318
55344
55350
55421
55430
55431
55442
55811
55901
55987
56007
56187
56201
56601
57006
57201
57401
59701
59801
59901
60007
60050
60062
60073
60102
60134
60160
60162
60181
60189
60194
60448
60542
60560
60608
60614
60654
60804
60805
61401
61834
61938
62234
62401
62650
63010
63011
63379
64014
64093
64133
64145
64154
64506
65065
65536
65613
65616
65775
66046
66048
67037
67205
67530
68025
68144
68516
68847
69101
70043
70058
70122
70363
70460
70816
70818
71105
71129
71446
71753
72019
72032
72450
72653
72704
72761
73069
73080
73096
73801
73942
74012
74112
74132
74133
74354
74464
75034
75041
75052
75078
75089
75098
75103
75156
75240
75605
75703
76028
76108
76177
76227
76234
76240
76504
76801
77005
77015
77022
77082
77327
77339
77340
77345
77357
77375
77380
77406
77414
77433
77494
77532
77575
77581
78043
78130
78209
78223
78230
78244
78251
78253
78258
78374
78521
78539
78576
78602
78613
78640
78666
78738
78852
79029
79934
79938
80012
80016
80020
80023
80127
80132
80134
80214
80233
80249
80302
80401
80443
80501
80525
80601
80751
80817
80863
80907
80922
80924
81005
81050
81303
81321
81601
82718
82801
82901
83301
83402
83440
83646
83647
83686
83687
83854
84025
84042
84045
84065
84070
84074
84075
84078
84106
84302
84403
84651
85027
85032
85122
85139
85142
85143
85226
85248
85266
85284
85295
85296
85326
85349
85365
85381
85388
85392
85552
85614
85710
85714
85743
86314
86326
86404
86442
87031
87121
87144
88001
88011
89015
89027
89030
89052
89060
89084
89113
89119
89139
89506
89521
89801
90008
90022
90280
90291
90716
90732
91204
91752
91766
91770
91915
92028
92065
92113
92115
92126
92203
92227
92231
92236
92264
92284
92307
92345
92376
92392
92507
92555
92571
92584
92606
92677
92808
93010
93021
93041
93060
93215
93277
93291
93313
93405
93422
93535
93552
93555
93612
93618
93630
93635
93657
93722
93905
94044
94061
94132
94501
94521
94523
94583
94588
94608
94805
94928
95212
95219
95301
95356
95361
95363
95367
95492
95605
95610
95632
95642
95667
95757
95949
95965
96007
96097
96707
96720
96732
96740
96744
96782
96825
97006
97058
97070
97071
97123
97266
97322
97603
97702
97756
97801
98003
98008
98042
98072
98087
98125
98166
98271
98290
98335
98366
98383
98466
98502
98683
98801
98908
98944
99205
99223
99324
99504
99515
99654
99701
A1A 0H5
A1B 5C8
B1P 7H2
B2N 5N6
B2W 2S7
B3J 3N4
B4A 0C2
B4N 0E4
C1E 2E3
E1C 0E8
E1C 1B8
E1V 0A3
E2A 6X2
E2J 0A7
E3C 0B7
E3V 3T3
K1K 3B1
K1W 0C8
K2C 3G1
K2J 4Y6
K2S 0P5
K6H 0B4
K6V 0B4
K7M 3X9
K8P 5E6
K9A 5X4
K9J 1Z9
L0R 2H5
L1C 3K7
L1G 0B2
L1K 0Z7
L1R3H8
L1Z 1E9
L2E 6S5
L2M 6P3
L2R 6P9
L4G 0G2
L4J 0A7
L4L 0B6
L4M 5A2
L4X 1L4
L5J2Y4
L5N 0A2
L6A 1T1
L6A 4R6
L6E 0H7
L6H 6M3
L6M 2Y2
L6R 3S9
L6S 0B8
L6V4K2
L6W 0A6
L7E 2Y3
L7L 0B6
L8E 0G2
L8H 2V4
L9G 0E8
L9N 0A2
L9T 0J4
M1B3C3
M1L 2L9
M1V 5P7
M4C 1M9
M6N 2B9
M9W3W7
N1H 1G8
N1R 8R5
N2C1X4
N2J 2J9
N2T 0A6
N3R 5L8
N5P 1G4
N6G 5B1
N7M 5T7
N7S 6M8
N8X 4Y8
P1B 8M1
P3B 4K6
P3E 5H5
P6B 4Z9
R2C 3B4
R2V 3C9
R3G 0E9
R3K 2C9
R3P 0Y4
R7A 7S1
S4W 0B7
S6J 1L8
S6V 0C7
S7M 1L2
T1B 3M5
T1K 7V1
T1S 0B2
T1Y 7K7
T2A 4X7
T2E 7Z4
T2H 0L8
T2Z 0N3
T3R 0S4
T4B 3G2
T4C 0T4
T4R 3R1
T5G 3A8
T5P 4B3
T5T 4K2
T5Y 3E6
T6A 0G7
T6J 5M8
T6T 0Y3
T6V 1J6
T6W 2L3
T7X 3C7
T8H 1S8
T8N 7H5
T8W 0C7
T9V 0A6
V1J 6E2
V1T 9T3
V1X 4H9
V2A 9B8
V2E 2R7
V2M 3C6
V2R 0P9
V2T 4W1
V2V 6M7
V2Y 1A2
V3K 6P9
V3L 2B8
V3W 1P8
V3W 2M1
V3Y 2W1
V4A 2H9
V4M 0B2
V4T 2Z1
V6X 0M5
V7J 3S8
V9B 3R5
V9L 2P8
V9N 9G4
V9V 1P6